

1924-2024

Con boycott


    NOC Events_Home Events_Away Medals Med_Home Medals_Expected Med_Away Medals_Home_Average Medals_Away_Average Chi2_Stat Chi2_PValue P < 0.05
0   ALL          22         299   9602     1362         27.5585     8240             61.9091             27.5585  788.1719      0.0000     True
1   AUS           2          22    586       93         22.4091      493             46.5000             22.4091   41.3983      0.0000     True
2   BRA           1          22    166       19          6.6818      147             19.0000              6.6818   19.3792      0.0000     True
3   CHN           1          14    722      100         44.4286      622            100.0000             44.4286   58.8495      0.0000     True
4   ESP           1          22    180       22          7.1818      158             22.0000              7.1818   25.9200      0.0000     True
5   FRA           2          22    635      104         24.1364      531             52.0000             24.1364   51.2016      0.0000     True
6   GBR           2          22    716       92         28.3636      624             46.0000             28.3636   18.3008      0.0000     True
7   GER           1          15    755      101         43.6000      654            101.0000             43.6000   69.0936      0.0000     True
8   GRE           1          23     75       16          2.5652       59             16.0000              2.5652   53.2244      0.0000     True
9   JPN           2          20    538       87         22.5500      451             43.5000             22.5500   30.6126      0.0000     True
10  KOR           1          18    315       33         15.6667      282             33.0000             15.6667   16.6384      0.0000     True
11  URS           1           8   1005      195        101.2500      810            195.0000            101.2500   75.5609      0.0000     True
12  USA           3          20   2253      384         93.4500     1869            128.0000             93.4500   32.7136      0.0000     True
13  FIN           1          22    243       22         10.0455      221             22.0000             10.0455   12.6688      0.0004     True
14  MEX           1          23     75        9          2.8696       66              9.0000              2.8696   11.1109      0.0009     True
15  NED           1          23    341       23         13.8261      318             23.0000             13.8261    5.6661      0.0173     True
16  ITA           1          23    630       36         25.8261      594             36.0000             25.8261    3.8401      0.0500    False
17  CAN           1          22    313       11         13.7273      302             11.0000             13.7273    0.5114      0.4745    False
18  FRG           1           4    204       40         41.0000      164             40.0000             41.0000    0.0168      0.8968    False


Senza boycott

    NOC Events_Home Events_Away Medals Med_Home Medals_Expected Med_Away Medals_Home_Average Medals_Away_Average Chi2_Stat Chi2_PValue P < 0.05
0   ALL          20         270   8000      994         25.9481     7006             49.7000             25.9481  369.7520      0.0000     True
1   AUS           2          20    553       93         23.0000      460             46.5000             23.0000   37.6750      0.0000     True
2   BRA           1          20    154       19          6.7500      135             19.0000              6.7500   18.7016      0.0000     True
3   CHN           1          13    690      100         45.3846      590            100.0000             45.3846   55.0177      0.0000     True
4   ESP           1          20    169       22          7.3500      147             22.0000              7.3500   24.4315      0.0000     True
5   FRA           2          20    593      104         24.4500      489             52.0000             24.4500   48.3599      0.0000     True
6   GBR           2          20    658       92         28.3000      566             46.0000             28.3000   18.0858      0.0000     True
7   GER           1          15    755      101         43.6000      654            101.0000             43.6000   69.0936      0.0000     True
8   GRE           1          21     70       16          2.5714       54             16.0000              2.5714   51.8168      0.0000     True
9   JPN           2          19    507       87         22.1053      420             43.5000             22.1053   32.0180      0.0000     True
10  KOR           1          17    296       33         15.4706      263             33.0000             15.4706   17.0473      0.0000     True
11  FIN           1          20    223       22         10.0500      201             22.0000             10.0500   12.4877      0.0004     True
12  MEX           1          21     65        9          2.6667       56              9.0000              2.6667   12.4397      0.0004     True
13  NED           1          21    325       23         14.3810      302             23.0000             14.3810    4.7803      0.0288     True
14  ITA           1          21    583       36         26.0476      547             36.0000             26.0476    3.6134      0.0573    False
15  USA           2          20   2080      211         93.4500     1869            105.5000             93.4500    3.0082      0.0828    False
16  FRG           1           3    145       40         35.0000      105             40.0000             35.0000    0.4129      0.5205    False
17  CAN           1          21    269       11         12.2857      258             11.0000             12.2857    0.1257      0.7229    False
